10
19
27
35
42
45
52
55
61
64
69
72
76
79
82
86
89
92
96
99
101
105
108
110
114
117
119
122
125
127
130
133
135
137
140
142
144
147
149
151
154
156
158
161
163
164
167
169
171
173
175
177
179
181
182
185
187
188
190
192
194
195
197
198
200
202
204
205
207
208
210
212
214
215
217
218
220
222
224
225
227
228
230
232
233
235
236
237
239
241
242
244
245
246
248
250
251
253
254
255
257
258
260
261
262
264
265
266
267
268
270
271
272
274
275
276
277
278
280
281
282
283
284
285
287
288
289
290
291
292
294
295
296
297
298
299
300
302
303
304
305
306
307
308
309
311
312
313
314
315
316
317
318
320
321
322
323
324
325
326
327
328
330
331
332
333
334
335
336
337
338
339
340
341
342
343
344
345
346
347
348
349
350
351
352
353
354
355
356
357
358
359
360
361
362
363
364
365
366
367
368
369
370
371
372
373
374
375
376
377
378
379
380
381
382
383
384
384
385
386
387
388
389
390
391
392
393
393
394
395
396
397
398
399
400
401
401
402
403
404
405
406
407
408
408
409
410
411
412
413
414
414
577
699
794
864
1047
1261
1414
1527
1621
1701
1770
1831
1889
1939
1987
2029
2071
2113
2152
2188
2224
2260
2296
2332
2368
2403
2437
2471
2505
2536
2565
2594
2623
2652
2681
2708
2735
2760
2785
2810
2835
2860
2885
2910
2935
2960
2985
3008
3030
3052
3074
3096
3118
3140
3162
3184
3206
3228
3250
3272
3294
3316
3338
3360
3382
3404
3426
3448
3470
3484
3498
3512
3526
3540
3554
3568
3582
3596
3610
3624
3638
3652
3666
3680
479
672
818
934
1030
1122
1197
1269
1330
1390
1449
1500
1550
1596
1638
1680
1722
1764
1804
1840
1876
1912
1948
1984
2020
2056
2092
2128
2162
2196
2230
2264
2298
500
705
857
983
1084
1178
1263
1338
1407
1467
1528
1588
1638
1688
1691
1740
1782
1824
1866
1908
1950
1989
2025
2061
2097
2133
2169
2205
2241
2277
2313
2349
2383
2417
2451
2485
2519
2553
2582
2611
2640
2669
2698
2727
2756
2785
2814
2840
2865
2890
2915
2940
2965
2990
3015
3040
3065
3090
3115
3140
3165
3190
3214
3236
3258
3280
3302
3324
3346
3368
3390
3412
3434
3456
3478
3500
3522
3544
3566
3588
3610
3632
3654
3676
3698
3720
3742
3764
3786
3808
3830
3852
3874
3892
3906
3920
3934
3948
3962
3976
3990
4004
4018
4032
4046
4060
4074
4088
4102
4116
4130
4144
4158
4172
4186
4200
4214
4228
4242
4256
4270
4284
4298
4312
4324
4335
4346
4357
4368
4379
4390
4401
4414
4428
4442
4456
4470
4484
4498
4512
4526
4537
4545
4556
5157
5415
5588
5734
5865
5974
6070
6164
6255
6330
6405
6476
6536
6597
6658
6718
6771
6822
6872
6922
6966
7008
7050
7092
7134
7176
7218
7260
7297
7333
7369
7405
7441
7477
7513
7549
7585
7621
7657
7693
7729
7765
7799
7833
7867
7901
7935
7969
8003
8037
8069
8098
8127
8156
8185
8214
8243
8272
8301
8330
8359
8388
8417
8443
8468
8493
8518
8543
8568
8593
8618
8643
8668
8693
8718
8743
8768
8793
8818
8843
8868
8893
8918
8943
8966
8988
9010
9032
9054
9076
9098
9120
9142
9164
9186
9208
9230
9252
9274
9296
9318
9340
9362
9384
9406
9428
9450
9472
9494
9516
9538
9560
9582
9604
9626
9648
9670
9692
9714
9736
9758
9780
9802
9824
9846
9868
9861
9883
9905
9923
9937
9951
9965
9979
9993
10007
10021
10035
10049
10063
10077
10091
10105
10119
10133
10147
10161
10175
10189
10203
10217
10231
10245
10259
10273
10287
10301
10315
10329
10343
10357
10371
10385
10399
10413
10427
10441
10455
10469
10483
10497
10511
10523
10534
10545
10556
10567
10578
10589
10600
10611
10622
10633
10644
10655
10666
10677
10688
10699
10710
10721
10732
10743
10754
10765
10776
10787
10798
10809
10820
10831
10842
10853
10864
10875
10886
10897
10908
10919
10930
10941
10952
10963
10974
10985
10996
11007
11018
11029
11040
11051
11062
11073
11084
11095
11106
11117
11128
11139
11150
11161
11172
11183
11194
11205
11216
11227
11238
11249
11260
11271
11282
11293
11304
11315
11326
11337
11348
11359
11370
11381
11392
11403
11414
11419
11430
11556
11758
11927
12079
12223
12355
12465
12570
12666
12760
12854
12944
13022
13097
13172
13247
13311
13372
13433
13493
13554
13615
13675
13728
13779
13829
13879
13930
13980
14023
14065
14107
14149
14191
14233
14275
14317
14359
14401
14443
14485
14521
14557
14593
14629
14665
14701
14737
14773
14809
14845
14881
14917
14953
14989
15025
15061
15097
15133
15169
15205
15241
15276
15310
15344
15378
15412
15446
15480
15514
15548
15582
15616
15650
15683
15712
15741
15770
15799
15828
15857
15886
15915
15944
15973
16002
16031
16060
16089
16118
16147
16176
16205
16234
16259
16284
16309
16334
16359
16384
16409
16434
16459
16484
16509
16534
16559
16584
16609
16634
16659
16684
16709
16734
16759
16784
16809
16834
16859
16884
16909
16934
16959
16984
17009
17033
17036
17058
17080
17102
17124
17146
17168
17190
17212
17234
17256
17278
17300
17322
17344
17366
17388
17410
17432
17454
17476
17498
17520
17542
17564
17586
17608
17630
17652
17674
17696
17718
17740
17762
17784
17806
17828
17850
17872
17894
17916
17938
17960
17982
18004
18026
18048
18070
18092
561
1083
1392
1607
1784
1948
2096
2240
2374
2491
2598
2700
2795
2889
2983
3076
3163
3238
3313
3388
3463
3537
3598
3658
3719
3780
3840
3901
3962
4022
4077
4128
4178
4228
4279
4329
4379
4428
4470
4512
4554
4596
4638
4680
4722
4764
4806
4848
4890
4932
4974
5016
5054
5090
5126
4104
