30
PREORDER INORDER 21
2 1 0 0 5 3 0 4 0 0 7 6 0 0 9 8 0 0 10 0 0 
0 1 0 2 0 3 0 4 0 5 0 6 0 7 0 8 0 9 0 10 0 
INORDER POSTORDER 21
0 1 0 2 0 3 0 4 0 5 0 6 0 7 0 8 0 9 0 10 0 
0 0 1 0 0 0 4 3 0 0 6 0 0 8 0 0 10 9 7 5 2 
PREORDER POSTORDER 21
2 1 0 0 5 3 0 4 0 0 7 6 0 0 9 8 0 0 10 0 0 
0 0 1 0 0 0 4 3 0 0 6 0 0 8 0 0 10 9 7 5 2 
PREORDER INORDER 21
4 1 0 3 2 0 0 0 5 0 6 0 10 8 7 0 0 9 0 0 0 
0 1 0 2 0 3 0 4 0 5 0 6 0 7 0 8 0 9 0 10 0 
INORDER POSTORDER 21
0 1 0 2 0 3 0 4 0 5 0 6 0 7 0 8 0 9 0 10 0 
0 0 0 2 0 3 1 0 0 0 0 7 0 0 9 8 0 10 6 5 4 
PREORDER POSTORDER 21
4 1 0 3 2 0 0 0 5 0 6 0 10 8 7 0 0 9 0 0 0 
0 0 0 2 0 3 1 0 0 0 0 7 0 0 9 8 0 10 6 5 4 
PREORDER INORDER 21
2 1 0 0 7 5 4 3 0 0 0 6 0 0 10 8 0 9 0 0 0 
0 1 0 2 0 3 0 4 0 5 0 6 0 7 0 8 0 9 0 10 0 
INORDER POSTORDER 21
0 1 0 2 0 3 0 4 0 5 0 6 0 7 0 8 0 9 0 10 0 
0 0 1 0 0 3 0 4 0 0 6 5 0 0 0 9 8 0 10 7 2 
PREORDER POSTORDER 21
2 1 0 0 7 5 4 3 0 0 0 6 0 0 10 8 0 9 0 0 0 
0 0 1 0 0 3 0 4 0 0 6 5 0 0 0 9 8 0 10 7 2 
PREORDER INORDER 21
2 1 0 0 10 7 6 5 3 0 4 0 0 0 0 9 8 0 0 0 0 
0 1 0 2 0 3 0 4 0 5 0 6 0 7 0 8 0 9 0 10 0 
INORDER POSTORDER 21
0 1 0 2 0 3 0 4 0 5 0 6 0 7 0 8 0 9 0 10 0 
0 0 1 0 0 0 4 3 0 5 0 6 0 0 8 0 9 7 0 10 2 
PREORDER POSTORDER 21
2 1 0 0 10 7 6 5 3 0 4 0 0 0 0 9 8 0 0 0 0 
0 0 1 0 0 0 4 3 0 5 0 6 0 0 8 0 9 7 0 10 2 
PREORDER INORDER 21
6 4 2 1 0 0 3 0 0 5 0 0 9 8 7 0 0 0 10 0 0 
0 1 0 2 0 3 0 4 0 5 0 6 0 7 0 8 0 9 0 10 0 
INORDER POSTORDER 21
0 1 0 2 0 3 0 4 0 5 0 6 0 7 0 8 0 9 0 10 0 
0 0 1 0 0 3 2 0 0 5 4 0 0 7 0 8 0 0 10 9 6 
PREORDER POSTORDER 21
6 4 2 1 0 0 3 0 0 5 0 0 9 8 7 0 0 0 10 0 0 
0 0 1 0 0 3 2 0 0 5 4 0 0 7 0 8 0 0 10 9 6 
PREORDER INORDER 21
5 4 3 2 1 0 0 0 0 0 6 0 10 7 0 8 0 9 0 0 0 
0 1 0 2 0 3 0 4 0 5 0 6 0 7 0 8 0 9 0 10 0 
INORDER POSTORDER 21
0 1 0 2 0 3 0 4 0 5 0 6 0 7 0 8 0 9 0 10 0 
0 0 1 0 2 0 3 0 4 0 0 0 0 0 9 8 7 0 10 6 5 
PREORDER POSTORDER 21
5 4 3 2 1 0 0 0 0 0 6 0 10 7 0 8 0 9 0 0 0 
0 0 1 0 2 0 3 0 4 0 0 0 0 0 9 8 7 0 10 6 5 
PREORDER INORDER 21
7 4 3 1 0 2 0 0 0 6 5 0 0 0 9 8 0 0 10 0 0 
0 1 0 2 0 3 0 4 0 5 0 6 0 7 0 8 0 9 0 10 0 
INORDER POSTORDER 21
0 1 0 2 0 3 0 4 0 5 0 6 0 7 0 8 0 9 0 10 0 
0 0 0 2 1 0 3 0 0 5 0 6 4 0 0 8 0 0 10 9 7 
PREORDER POSTORDER 21
7 4 3 1 0 2 0 0 0 6 5 0 0 0 9 8 0 0 10 0 0 
0 0 0 2 1 0 3 0 0 5 0 6 4 0 0 8 0 0 10 9 7 
PREORDER INORDER 21
7 6 3 2 1 0 0 0 5 4 0 0 0 0 8 0 9 0 10 0 0 
0 1 0 2 0 3 0 4 0 5 0 6 0 7 0 8 0 9 0 10 0 
INORDER POSTORDER 21
0 1 0 2 0 3 0 4 0 5 0 6 0 7 0 8 0 9 0 10 0 
0 0 1 0 2 0 0 4 0 5 3 0 6 0 0 0 0 10 9 8 7 
PREORDER POSTORDER 21
7 6 3 2 1 0 0 0 5 4 0 0 0 0 8 0 9 0 10 0 0 
0 0 1 0 2 0 0 4 0 5 3 0 6 0 0 0 0 10 9 8 7 
PREORDER INORDER 21
10 6 3 1 0 2 0 0 5 4 0 0 0 8 7 0 0 9 0 0 0 
0 1 0 2 0 3 0 4 0 5 0 6 0 7 0 8 0 9 0 10 0 
INORDER POSTORDER 21
0 1 0 2 0 3 0 4 0 5 0 6 0 7 0 8 0 9 0 10 0 
0 0 0 2 1 0 0 4 0 5 3 0 0 7 0 0 9 8 6 0 10 
PREORDER POSTORDER 21
10 6 3 1 0 2 0 0 5 4 0 0 0 8 7 0 0 9 0 0 0 
0 0 0 2 1 0 0 4 0 5 3 0 0 7 0 0 9 8 6 0 10 
PREORDER INORDER 21
3 2 1 0 0 0 8 5 4 0 0 7 6 0 0 0 10 9 0 0 0 
0 1 0 2 0 3 0 4 0 5 0 6 0 7 0 8 0 9 0 10 0 
INORDER POSTORDER 21
0 1 0 2 0 3 0 4 0 5 0 6 0 7 0 8 0 9 0 10 0 
0 0 1 0 2 0 0 4 0 0 6 0 7 5 0 0 9 0 10 8 3 
PREORDER POSTORDER 21
3 2 1 0 0 0 8 5 4 0 0 7 6 0 0 0 10 9 0 0 0 
0 0 1 0 2 0 0 4 0 0 6 0 7 5 0 0 9 0 10 8 3 
