30
PREORDER INORDER 201
62 46 8 1 0 5 3 2 0 0 4 0 0 6 0 7 0 0 44 27 15 10 9 0 0 11 0 13 12 0 0 14 0 0 16 0 25 19 18 17 0 0 0 23 22 20 0 21 0 0 0 24 0 0 26 0 0 29 28 0 0 31 30 0 0 38 36 34 33 32 0 0 0 35 0 0 37 0 0 42 40 39 0 0 41 0 0 43 0 0 45 0 0 53 48 47 0 0 50 49 0 0 51 0 52 0 0 60 57 55 54 0 0 56 0 0 59 58 0 0 0 61 0 0 84 66 65 64 63 0 0 0 0 68 67 0 0 76 75 71 70 69 0 0 0 74 73 72 0 0 0 0 0 81 78 77 0 0 80 79 0 0 0 82 0 83 0 0 92 89 85 0 86 0 88 87 0 0 0 91 90 0 0 0 94 93 0 0 98 97 95 0 96 0 0 0 99 0 100 0 0 
0 1 0 2 0 3 0 4 0 5 0 6 0 7 0 8 0 9 0 10 0 11 0 12 0 13 0 14 0 15 0 16 0 17 0 18 0 19 0 20 0 21 0 22 0 23 0 24 0 25 0 26 0 27 0 28 0 29 0 30 0 31 0 32 0 33 0 34 0 35 0 36 0 37 0 38 0 39 0 40 0 41 0 42 0 43 0 44 0 45 0 46 0 47 0 48 0 49 0 50 0 51 0 52 0 53 0 54 0 55 0 56 0 57 0 58 0 59 0 60 0 61 0 62 0 63 0 64 0 65 0 66 0 67 0 68 0 69 0 70 0 71 0 72 0 73 0 74 0 75 0 76 0 77 0 78 0 79 0 80 0 81 0 82 0 83 0 84 0 85 0 86 0 87 0 88 0 89 0 90 0 91 0 92 0 93 0 94 0 95 0 96 0 97 0 98 0 99 0 100 0 
INORDER POSTORDER 201
0 1 0 2 0 3 0 4 0 5 0 6 0 7 0 8 0 9 0 10 0 11 0 12 0 13 0 14 0 15 0 16 0 17 0 18 0 19 0 20 0 21 0 22 0 23 0 24 0 25 0 26 0 27 0 28 0 29 0 30 0 31 0 32 0 33 0 34 0 35 0 36 0 37 0 38 0 39 0 40 0 41 0 42 0 43 0 44 0 45 0 46 0 47 0 48 0 49 0 50 0 51 0 52 0 53 0 54 0 55 0 56 0 57 0 58 0 59 0 60 0 61 0 62 0 63 0 64 0 65 0 66 0 67 0 68 0 69 0 70 0 71 0 72 0 73 0 74 0 75 0 76 0 77 0 78 0 79 0 80 0 81 0 82 0 83 0 84 0 85 0 86 0 87 0 88 0 89 0 90 0 91 0 92 0 93 0 94 0 95 0 96 0 97 0 98 0 99 0 100 0 
0 0 0 2 0 0 4 3 0 0 0 7 6 5 1 0 0 9 0 0 0 12 0 0 14 13 11 10 0 0 0 17 0 18 0 0 0 21 20 0 22 0 0 24 23 19 0 0 26 25 16 15 0 0 28 0 0 30 0 0 32 0 33 0 0 35 34 0 0 37 36 0 0 39 0 0 41 40 0 0 43 42 38 31 29 27 0 0 45 44 8 0 0 47 0 0 49 0 0 0 52 51 50 48 0 0 54 0 0 56 55 0 0 58 0 59 57 0 0 61 60 53 46 0 0 63 0 64 0 65 0 0 67 0 0 69 0 70 0 0 72 0 73 0 74 71 0 75 0 0 77 0 0 79 0 80 78 0 0 0 83 82 81 76 68 66 0 0 0 0 87 0 88 86 85 0 0 90 0 91 89 0 0 93 0 0 0 96 95 0 97 0 0 0 100 99 98 94 92 84 62 
PREORDER POSTORDER 201
62 46 8 1 0 5 3 2 0 0 4 0 0 6 0 7 0 0 44 27 15 10 9 0 0 11 0 13 12 0 0 14 0 0 16 0 25 19 18 17 0 0 0 23 22 20 0 21 0 0 0 24 0 0 26 0 0 29 28 0 0 31 30 0 0 38 36 34 33 32 0 0 0 35 0 0 37 0 0 42 40 39 0 0 41 0 0 43 0 0 45 0 0 53 48 47 0 0 50 49 0 0 51 0 52 0 0 60 57 55 54 0 0 56 0 0 59 58 0 0 0 61 0 0 84 66 65 64 63 0 0 0 0 68 67 0 0 76 75 71 70 69 0 0 0 74 73 72 0 0 0 0 0 81 78 77 0 0 80 79 0 0 0 82 0 83 0 0 92 89 85 0 86 0 88 87 0 0 0 91 90 0 0 0 94 93 0 0 98 97 95 0 96 0 0 0 99 0 100 0 0 
0 0 0 2 0 0 4 3 0 0 0 7 6 5 1 0 0 9 0 0 0 12 0 0 14 13 11 10 0 0 0 17 0 18 0 0 0 21 20 0 22 0 0 24 23 19 0 0 26 25 16 15 0 0 28 0 0 30 0 0 32 0 33 0 0 35 34 0 0 37 36 0 0 39 0 0 41 40 0 0 43 42 38 31 29 27 0 0 45 44 8 0 0 47 0 0 49 0 0 0 52 51 50 48 0 0 54 0 0 56 55 0 0 58 0 59 57 0 0 61 60 53 46 0 0 63 0 64 0 65 0 0 67 0 0 69 0 70 0 0 72 0 73 0 74 71 0 75 0 0 77 0 0 79 0 80 78 0 0 0 83 82 81 76 68 66 0 0 0 0 87 0 88 86 85 0 0 90 0 91 89 0 0 93 0 0 0 96 95 0 97 0 0 0 100 99 98 94 92 84 62 
PREORDER INORDER 201
54 42 11 5 4 3 1 0 2 0 0 0 0 6 0 10 9 7 0 8 0 0 0 0 39 28 16 15 13 12 0 0 14 0 0 0 27 19 18 17 0 0 0 20 0 22 21 0 0 25 24 23 0 0 0 26 0 0 0 35 32 31 29 0 30 0 0 0 33 0 34 0 0 37 36 0 0 38 0 0 41 40 0 0 0 47 43 0 44 0 46 45 0 0 0 49 48 0 0 51 50 0 0 53 52 0 0 0 65 56 55 0 0 58 57 0 0 59 0 63 62 61 60 0 0 0 0 64 0 0 87 82 67 66 0 0 77 71 70 68 0 69 0 0 0 75 73 72 0 0 74 0 0 76 0 0 81 79 78 0 0 80 0 0 0 86 83 0 84 0 85 0 0 0 91 88 0 90 89 0 0 0 100 96 94 93 92 0 0 0 95 0 0 97 0 98 0 99 0 0 0 
0 1 0 2 0 3 0 4 0 5 0 6 0 7 0 8 0 9 0 10 0 11 0 12 0 13 0 14 0 15 0 16 0 17 0 18 0 19 0 20 0 21 0 22 0 23 0 24 0 25 0 26 0 27 0 28 0 29 0 30 0 31 0 32 0 33 0 34 0 35 0 36 0 37 0 38 0 39 0 40 0 41 0 42 0 43 0 44 0 45 0 46 0 47 0 48 0 49 0 50 0 51 0 52 0 53 0 54 0 55 0 56 0 57 0 58 0 59 0 60 0 61 0 62 0 63 0 64 0 65 0 66 0 67 0 68 0 69 0 70 0 71 0 72 0 73 0 74 0 75 0 76 0 77 0 78 0 79 0 80 0 81 0 82 0 83 0 84 0 85 0 86 0 87 0 88 0 89 0 90 0 91 0 92 0 93 0 94 0 95 0 96 0 97 0 98 0 99 0 100 0 
INORDER POSTORDER 201
0 1 0 2 0 3 0 4 0 5 0 6 0 7 0 8 0 9 0 10 0 11 0 12 0 13 0 14 0 15 0 16 0 17 0 18 0 19 0 20 0 21 0 22 0 23 0 24 0 25 0 26 0 27 0 28 0 29 0 30 0 31 0 32 0 33 0 34 0 35 0 36 0 37 0 38 0 39 0 40 0 41 0 42 0 43 0 44 0 45 0 46 0 47 0 48 0 49 0 50 0 51 0 52 0 53 0 54 0 55 0 56 0 57 0 58 0 59 0 60 0 61 0 62 0 63 0 64 0 65 0 66 0 67 0 68 0 69 0 70 0 71 0 72 0 73 0 74 0 75 0 76 0 77 0 78 0 79 0 80 0 81 0 82 0 83 0 84 0 85 0 86 0 87 0 88 0 89 0 90 0 91 0 92 0 93 0 94 0 95 0 96 0 97 0 98 0 99 0 100 0 
0 0 0 2 1 0 3 0 4 0 0 0 0 8 7 0 9 0 10 6 5 0 0 12 0 0 14 13 0 15 0 0 17 0 18 0 0 0 21 0 0 23 0 24 0 0 26 25 22 20 19 0 27 16 0 0 0 30 29 0 31 0 0 0 34 33 32 0 0 36 0 0 38 37 35 28 0 0 40 0 41 39 11 0 0 0 0 45 0 46 44 43 0 0 48 0 0 50 0 0 52 0 53 51 49 47 42 0 0 55 0 0 57 0 0 0 60 0 61 0 62 0 0 64 63 59 58 56 0 0 66 0 0 0 69 68 0 70 0 0 72 0 0 74 73 0 0 76 75 71 0 0 78 0 0 80 79 0 81 77 67 0 0 0 0 85 84 83 0 86 82 0 0 0 89 0 90 88 0 0 92 0 93 0 0 95 94 0 0 0 0 99 98 97 96 0 100 91 87 65 54 
PREORDER POSTORDER 201
54 42 11 5 4 3 1 0 2 0 0 0 0 6 0 10 9 7 0 8 0 0 0 0 39 28 16 15 13 12 0 0 14 0 0 0 27 19 18 17 0 0 0 20 0 22 21 0 0 25 24 23 0 0 0 26 0 0 0 35 32 31 29 0 30 0 0 0 33 0 34 0 0 37 36 0 0 38 0 0 41 40 0 0 0 47 43 0 44 0 46 45 0 0 0 49 48 0 0 51 50 0 0 53 52 0 0 0 65 56 55 0 0 58 57 0 0 59 0 63 62 61 60 0 0 0 0 64 0 0 87 82 67 66 0 0 77 71 70 68 0 69 0 0 0 75 73 72 0 0 74 0 0 76 0 0 81 79 78 0 0 80 0 0 0 86 83 0 84 0 85 0 0 0 91 88 0 90 89 0 0 0 100 96 94 93 92 0 0 0 95 0 0 97 0 98 0 99 0 0 0 
0 0 0 2 1 0 3 0 4 0 0 0 0 8 7 0 9 0 10 6 5 0 0 12 0 0 14 13 0 15 0 0 17 0 18 0 0 0 21 0 0 23 0 24 0 0 26 25 22 20 19 0 27 16 0 0 0 30 29 0 31 0 0 0 34 33 32 0 0 36 0 0 38 37 35 28 0 0 40 0 41 39 11 0 0 0 0 45 0 46 44 43 0 0 48 0 0 50 0 0 52 0 53 51 49 47 42 0 0 55 0 0 57 0 0 0 60 0 61 0 62 0 0 64 63 59 58 56 0 0 66 0 0 0 69 68 0 70 0 0 72 0 0 74 73 0 0 76 75 71 0 0 78 0 0 80 79 0 81 77 67 0 0 0 0 85 84 83 0 86 82 0 0 0 89 0 90 88 0 0 92 0 93 0 0 95 94 0 0 0 0 99 98 97 96 0 100 91 87 65 54 
PREORDER INORDER 201
63 30 24 19 1 0 10 8 4 3 2 0 0 0 5 0 7 6 0 0 0 9 0 0 13 12 11 0 0 0 15 14 0 0 17 16 0 0 18 0 0 21 20 0 0 22 0 23 0 0 28 26 25 0 0 27 0 0 29 0 0 59 40 31 0 35 34 33 32 0 0 0 0 39 38 36 0 37 0 0 0 0 49 47 45 41 0 42 0 44 43 0 0 0 46 0 0 48 0 0 55 54 50 0 52 51 0 0 53 0 0 0 58 56 0 57 0 0 0 62 60 0 61 0 0 0 80 74 71 70 65 64 0 0 66 0 68 67 0 0 69 0 0 0 73 72 0 0 0 79 75 0 78 76 0 77 0 0 0 0 81 0 96 84 82 0 83 0 0 86 85 0 0 91 87 0 89 88 0 0 90 0 0 92 0 95 93 0 94 0 0 0 98 97 0 0 99 0 100 0 0 
0 1 0 2 0 3 0 4 0 5 0 6 0 7 0 8 0 9 0 10 0 11 0 12 0 13 0 14 0 15 0 16 0 17 0 18 0 19 0 20 0 21 0 22 0 23 0 24 0 25 0 26 0 27 0 28 0 29 0 30 0 31 0 32 0 33 0 34 0 35 0 36 0 37 0 38 0 39 0 40 0 41 0 42 0 43 0 44 0 45 0 46 0 47 0 48 0 49 0 50 0 51 0 52 0 53 0 54 0 55 0 56 0 57 0 58 0 59 0 60 0 61 0 62 0 63 0 64 0 65 0 66 0 67 0 68 0 69 0 70 0 71 0 72 0 73 0 74 0 75 0 76 0 77 0 78 0 79 0 80 0 81 0 82 0 83 0 84 0 85 0 86 0 87 0 88 0 89 0 90 0 91 0 92 0 93 0 94 0 95 0 96 0 97 0 98 0 99 0 100 0 
INORDER POSTORDER 201
0 1 0 2 0 3 0 4 0 5 0 6 0 7 0 8 0 9 0 10 0 11 0 12 0 13 0 14 0 15 0 16 0 17 0 18 0 19 0 20 0 21 0 22 0 23 0 24 0 25 0 26 0 27 0 28 0 29 0 30 0 31 0 32 0 33 0 34 0 35 0 36 0 37 0 38 0 39 0 40 0 41 0 42 0 43 0 44 0 45 0 46 0 47 0 48 0 49 0 50 0 51 0 52 0 53 0 54 0 55 0 56 0 57 0 58 0 59 0 60 0 61 0 62 0 63 0 64 0 65 0 66 0 67 0 68 0 69 0 70 0 71 0 72 0 73 0 74 0 75 0 76 0 77 0 78 0 79 0 80 0 81 0 82 0 83 0 84 0 85 0 86 0 87 0 88 0 89 0 90 0 91 0 92 0 93 0 94 0 95 0 96 0 97 0 98 0 99 0 100 0 
0 0 0 2 0 3 0 0 0 6 0 7 5 4 0 0 9 8 0 0 11 0 12 0 0 14 0 0 16 0 0 18 17 15 13 10 1 0 0 20 0 0 0 23 22 21 19 0 0 25 0 0 27 26 0 0 29 28 24 0 0 0 32 0 33 0 34 0 0 0 37 36 0 38 0 39 35 31 0 0 0 0 43 0 44 42 41 0 0 46 45 0 0 48 47 0 0 0 51 0 0 53 52 50 0 54 0 0 0 57 56 0 58 55 49 40 0 0 0 61 60 0 62 59 30 0 0 64 0 0 0 67 0 0 69 68 66 65 0 70 0 0 72 0 73 71 0 0 0 0 77 76 0 78 75 0 79 74 0 0 0 0 83 82 0 0 85 0 0 0 88 0 0 90 89 87 0 0 0 0 94 93 0 95 92 91 86 84 0 0 97 0 0 0 100 99 98 96 81 80 63 
PREORDER POSTORDER 201
63 30 24 19 1 0 10 8 4 3 2 0 0 0 5 0 7 6 0 0 0 9 0 0 13 12 11 0 0 0 15 14 0 0 17 16 0 0 18 0 0 21 20 0 0 22 0 23 0 0 28 26 25 0 0 27 0 0 29 0 0 59 40 31 0 35 34 33 32 0 0 0 0 39 38 36 0 37 0 0 0 0 49 47 45 41 0 42 0 44 43 0 0 0 46 0 0 48 0 0 55 54 50 0 52 51 0 0 53 0 0 0 58 56 0 57 0 0 0 62 60 0 61 0 0 0 80 74 71 70 65 64 0 0 66 0 68 67 0 0 69 0 0 0 73 72 0 0 0 79 75 0 78 76 0 77 0 0 0 0 81 0 96 84 82 0 83 0 0 86 85 0 0 91 87 0 89 88 0 0 90 0 0 92 0 95 93 0 94 0 0 0 98 97 0 0 99 0 100 0 0 
0 0 0 2 0 3 0 0 0 6 0 7 5 4 0 0 9 8 0 0 11 0 12 0 0 14 0 0 16 0 0 18 17 15 13 10 1 0 0 20 0 0 0 23 22 21 19 0 0 25 0 0 27 26 0 0 29 28 24 0 0 0 32 0 33 0 34 0 0 0 37 36 0 38 0 39 35 31 0 0 0 0 43 0 44 42 41 0 0 46 45 0 0 48 47 0 0 0 51 0 0 53 52 50 0 54 0 0 0 57 56 0 58 55 49 40 0 0 0 61 60 0 62 59 30 0 0 64 0 0 0 67 0 0 69 68 66 65 0 70 0 0 72 0 73 71 0 0 0 0 77 76 0 78 75 0 79 74 0 0 0 0 83 82 0 0 85 0 0 0 88 0 0 90 89 87 0 0 0 0 94 93 0 95 92 91 86 84 0 0 97 0 0 0 100 99 98 96 81 80 63 
PREORDER INORDER 201
93 78 64 38 18 14 11 9 7 4 2 1 0 0 3 0 0 6 5 0 0 0 8 0 0 10 0 0 12 0 13 0 0 16 15 0 0 17 0 0 28 20 19 0 0 25 22 21 0 0 23 0 24 0 0 27 26 0 0 0 31 30 29 0 0 0 34 32 0 33 0 0 36 35 0 0 37 0 0 51 50 46 40 39 0 0 42 41 0 0 44 43 0 0 45 0 0 48 47 0 0 49 0 0 0 56 55 53 52 0 0 54 0 0 0 61 58 57 0 0 60 59 0 0 0 63 62 0 0 0 70 66 65 0 0 68 67 0 0 69 0 0 73 72 71 0 0 0 77 75 74 0 0 76 0 0 0 91 90 84 82 80 79 0 0 81 0 0 83 0 0 89 85 0 87 86 0 0 88 0 0 0 0 92 0 0 94 0 98 97 96 95 0 0 0 0 100 99 0 0 0 
0 1 0 2 0 3 0 4 0 5 0 6 0 7 0 8 0 9 0 10 0 11 0 12 0 13 0 14 0 15 0 16 0 17 0 18 0 19 0 20 0 21 0 22 0 23 0 24 0 25 0 26 0 27 0 28 0 29 0 30 0 31 0 32 0 33 0 34 0 35 0 36 0 37 0 38 0 39 0 40 0 41 0 42 0 43 0 44 0 45 0 46 0 47 0 48 0 49 0 50 0 51 0 52 0 53 0 54 0 55 0 56 0 57 0 58 0 59 0 60 0 61 0 62 0 63 0 64 0 65 0 66 0 67 0 68 0 69 0 70 0 71 0 72 0 73 0 74 0 75 0 76 0 77 0 78 0 79 0 80 0 81 0 82 0 83 0 84 0 85 0 86 0 87 0 88 0 89 0 90 0 91 0 92 0 93 0 94 0 95 0 96 0 97 0 98 0 99 0 100 0 
INORDER POSTORDER 201
0 1 0 2 0 3 0 4 0 5 0 6 0 7 0 8 0 9 0 10 0 11 0 12 0 13 0 14 0 15 0 16 0 17 0 18 0 19 0 20 0 21 0 22 0 23 0 24 0 25 0 26 0 27 0 28 0 29 0 30 0 31 0 32 0 33 0 34 0 35 0 36 0 37 0 38 0 39 0 40 0 41 0 42 0 43 0 44 0 45 0 46 0 47 0 48 0 49 0 50 0 51 0 52 0 53 0 54 0 55 0 56 0 57 0 58 0 59 0 60 0 61 0 62 0 63 0 64 0 65 0 66 0 67 0 68 0 69 0 70 0 71 0 72 0 73 0 74 0 75 0 76 0 77 0 78 0 79 0 80 0 81 0 82 0 83 0 84 0 85 0 86 0 87 0 88 0 89 0 90 0 91 0 92 0 93 0 94 0 95 0 96 0 97 0 98 0 99 0 100 0 
0 0 1 0 0 3 2 0 0 5 0 6 4 0 0 8 7 0 0 10 9 0 0 0 13 12 11 0 0 15 0 0 17 16 14 0 0 19 0 0 21 0 0 0 24 23 22 0 0 26 0 27 25 20 0 0 29 0 30 0 0 0 33 32 0 0 35 0 0 37 36 34 31 28 18 0 0 39 0 0 41 0 0 43 0 0 45 44 42 40 0 0 47 0 0 49 48 46 0 50 0 0 52 0 0 54 53 0 55 0 0 57 0 0 59 0 60 58 0 0 62 0 63 61 56 51 38 0 0 65 0 0 67 0 0 69 68 66 0 0 71 0 72 0 0 74 0 0 76 75 0 77 73 70 64 0 0 79 0 0 81 80 0 0 83 82 0 0 0 86 0 0 88 87 85 0 89 84 0 90 0 0 92 91 78 0 0 0 95 0 96 0 97 0 0 99 0 100 98 94 93 
PREORDER POSTORDER 201
93 78 64 38 18 14 11 9 7 4 2 1 0 0 3 0 0 6 5 0 0 0 8 0 0 10 0 0 12 0 13 0 0 16 15 0 0 17 0 0 28 20 19 0 0 25 22 21 0 0 23 0 24 0 0 27 26 0 0 0 31 30 29 0 0 0 34 32 0 33 0 0 36 35 0 0 37 0 0 51 50 46 40 39 0 0 42 41 0 0 44 43 0 0 45 0 0 48 47 0 0 49 0 0 0 56 55 53 52 0 0 54 0 0 0 61 58 57 0 0 60 59 0 0 0 63 62 0 0 0 70 66 65 0 0 68 67 0 0 69 0 0 73 72 71 0 0 0 77 75 74 0 0 76 0 0 0 91 90 84 82 80 79 0 0 81 0 0 83 0 0 89 85 0 87 86 0 0 88 0 0 0 0 92 0 0 94 0 98 97 96 95 0 0 0 0 100 99 0 0 0 
0 0 1 0 0 3 2 0 0 5 0 6 4 0 0 8 7 0 0 10 9 0 0 0 13 12 11 0 0 15 0 0 17 16 14 0 0 19 0 0 21 0 0 0 24 23 22 0 0 26 0 27 25 20 0 0 29 0 30 0 0 0 33 32 0 0 35 0 0 37 36 34 31 28 18 0 0 39 0 0 41 0 0 43 0 0 45 44 42 40 0 0 47 0 0 49 48 46 0 50 0 0 52 0 0 54 53 0 55 0 0 57 0 0 59 0 60 58 0 0 62 0 63 61 56 51 38 0 0 65 0 0 67 0 0 69 68 66 0 0 71 0 72 0 0 74 0 0 76 75 0 77 73 70 64 0 0 79 0 0 81 80 0 0 83 82 0 0 0 86 0 0 88 87 85 0 89 84 0 90 0 0 92 91 78 0 0 0 95 0 96 0 97 0 0 99 0 100 98 94 93 
PREORDER INORDER 201
95 40 38 31 23 21 11 5 4 2 1 0 0 3 0 0 0 9 6 0 8 7 0 0 0 10 0 0 15 14 13 12 0 0 0 0 19 17 16 0 0 18 0 0 20 0 0 22 0 0 24 0 29 26 25 0 0 28 27 0 0 0 30 0 0 33 32 0 0 35 34 0 0 36 0 37 0 0 39 0 0 80 73 60 48 44 43 41 0 42 0 0 0 45 0 46 0 47 0 0 57 52 49 0 50 0 51 0 0 55 53 0 54 0 0 56 0 0 59 58 0 0 0 64 62 61 0 0 63 0 0 69 68 65 0 66 0 67 0 0 0 71 70 0 0 72 0 0 79 74 0 78 76 75 0 0 77 0 0 0 0 92 89 81 0 87 83 82 0 0 86 85 84 0 0 0 0 88 0 0 90 0 91 0 0 93 0 94 0 0 99 96 0 97 0 98 0 0 100 0 0 
0 1 0 2 0 3 0 4 0 5 0 6 0 7 0 8 0 9 0 10 0 11 0 12 0 13 0 14 0 15 0 16 0 17 0 18 0 19 0 20 0 21 0 22 0 23 0 24 0 25 0 26 0 27 0 28 0 29 0 30 0 31 0 32 0 33 0 34 0 35 0 36 0 37 0 38 0 39 0 40 0 41 0 42 0 43 0 44 0 45 0 46 0 47 0 48 0 49 0 50 0 51 0 52 0 53 0 54 0 55 0 56 0 57 0 58 0 59 0 60 0 61 0 62 0 63 0 64 0 65 0 66 0 67 0 68 0 69 0 70 0 71 0 72 0 73 0 74 0 75 0 76 0 77 0 78 0 79 0 80 0 81 0 82 0 83 0 84 0 85 0 86 0 87 0 88 0 89 0 90 0 91 0 92 0 93 0 94 0 95 0 96 0 97 0 98 0 99 0 100 0 
INORDER POSTORDER 201
0 1 0 2 0 3 0 4 0 5 0 6 0 7 0 8 0 9 0 10 0 11 0 12 0 13 0 14 0 15 0 16 0 17 0 18 0 19 0 20 0 21 0 22 0 23 0 24 0 25 0 26 0 27 0 28 0 29 0 30 0 31 0 32 0 33 0 34 0 35 0 36 0 37 0 38 0 39 0 40 0 41 0 42 0 43 0 44 0 45 0 46 0 47 0 48 0 49 0 50 0 51 0 52 0 53 0 54 0 55 0 56 0 57 0 58 0 59 0 60 0 61 0 62 0 63 0 64 0 65 0 66 0 67 0 68 0 69 0 70 0 71 0 72 0 73 0 74 0 75 0 76 0 77 0 78 0 79 0 80 0 81 0 82 0 83 0 84 0 85 0 86 0 87 0 88 0 89 0 90 0 91 0 92 0 93 0 94 0 95 0 96 0 97 0 98 0 99 0 100 0 
0 0 1 0 0 3 2 0 4 0 0 0 7 0 8 6 0 0 10 9 5 0 0 12 0 13 0 14 0 0 16 0 0 18 17 0 0 20 19 15 11 0 0 22 21 0 0 0 25 0 0 27 0 28 26 0 0 30 29 24 23 0 0 32 0 0 34 0 0 0 37 36 35 33 31 0 0 39 38 0 0 0 42 41 0 43 0 0 0 0 47 46 45 44 0 0 0 0 51 50 49 0 0 0 54 53 0 0 56 55 52 0 0 58 0 59 57 48 0 0 61 0 0 63 62 0 0 0 0 67 66 65 0 68 0 0 70 0 0 72 71 69 64 60 0 0 0 75 0 0 77 76 0 78 74 0 79 73 0 0 0 82 0 0 84 0 85 0 86 83 0 0 88 87 81 0 0 0 91 90 89 0 0 0 94 93 92 80 40 0 0 0 0 98 97 96 0 0 100 99 95 
PREORDER POSTORDER 201
95 40 38 31 23 21 11 5 4 2 1 0 0 3 0 0 0 9 6 0 8 7 0 0 0 10 0 0 15 14 13 12 0 0 0 0 19 17 16 0 0 18 0 0 20 0 0 22 0 0 24 0 29 26 25 0 0 28 27 0 0 0 30 0 0 33 32 0 0 35 34 0 0 36 0 37 0 0 39 0 0 80 73 60 48 44 43 41 0 42 0 0 0 45 0 46 0 47 0 0 57 52 49 0 50 0 51 0 0 55 53 0 54 0 0 56 0 0 59 58 0 0 0 64 62 61 0 0 63 0 0 69 68 65 0 66 0 67 0 0 0 71 70 0 0 72 0 0 79 74 0 78 76 75 0 0 77 0 0 0 0 92 89 81 0 87 83 82 0 0 86 85 84 0 0 0 0 88 0 0 90 0 91 0 0 93 0 94 0 0 99 96 0 97 0 98 0 0 100 0 0 
0 0 1 0 0 3 2 0 4 0 0 0 7 0 8 6 0 0 10 9 5 0 0 12 0 13 0 14 0 0 16 0 0 18 17 0 0 20 19 15 11 0 0 22 21 0 0 0 25 0 0 27 0 28 26 0 0 30 29 24 23 0 0 32 0 0 34 0 0 0 37 36 35 33 31 0 0 39 38 0 0 0 42 41 0 43 0 0 0 0 47 46 45 44 0 0 0 0 51 50 49 0 0 0 54 53 0 0 56 55 52 0 0 58 0 59 57 48 0 0 61 0 0 63 62 0 0 0 0 67 66 65 0 68 0 0 70 0 0 72 71 69 64 60 0 0 0 75 0 0 77 76 0 78 74 0 79 73 0 0 0 82 0 0 84 0 85 0 86 83 0 0 88 87 81 0 0 0 91 90 89 0 0 0 94 93 92 80 40 0 0 0 0 98 97 96 0 0 100 99 95 
PREORDER INORDER 201
22 2 1 0 0 20 16 4 3 0 0 7 5 0 6 0 0 8 0 12 9 0 11 10 0 0 0 13 0 14 0 15 0 0 18 17 0 0 19 0 0 21 0 0 79 24 23 0 0 54 42 28 27 26 25 0 0 0 0 36 31 30 29 0 0 0 32 0 34 33 0 0 35 0 0 40 38 37 0 0 39 0 0 41 0 0 43 0 48 46 44 0 45 0 0 47 0 0 49 0 51 50 0 0 52 0 53 0 0 61 56 55 0 0 59 58 57 0 0 0 60 0 0 66 65 62 0 63 0 64 0 0 0 75 74 73 72 71 68 67 0 0 69 0 70 0 0 0 0 0 0 76 0 78 77 0 0 0 94 93 90 85 83 81 80 0 0 82 0 0 84 0 0 87 86 0 0 88 0 89 0 0 92 91 0 0 0 0 99 96 95 0 0 97 0 98 0 0 100 0 0 
0 1 0 2 0 3 0 4 0 5 0 6 0 7 0 8 0 9 0 10 0 11 0 12 0 13 0 14 0 15 0 16 0 17 0 18 0 19 0 20 0 21 0 22 0 23 0 24 0 25 0 26 0 27 0 28 0 29 0 30 0 31 0 32 0 33 0 34 0 35 0 36 0 37 0 38 0 39 0 40 0 41 0 42 0 43 0 44 0 45 0 46 0 47 0 48 0 49 0 50 0 51 0 52 0 53 0 54 0 55 0 56 0 57 0 58 0 59 0 60 0 61 0 62 0 63 0 64 0 65 0 66 0 67 0 68 0 69 0 70 0 71 0 72 0 73 0 74 0 75 0 76 0 77 0 78 0 79 0 80 0 81 0 82 0 83 0 84 0 85 0 86 0 87 0 88 0 89 0 90 0 91 0 92 0 93 0 94 0 95 0 96 0 97 0 98 0 99 0 100 0 
INORDER POSTORDER 201
0 1 0 2 0 3 0 4 0 5 0 6 0 7 0 8 0 9 0 10 0 11 0 12 0 13 0 14 0 15 0 16 0 17 0 18 0 19 0 20 0 21 0 22 0 23 0 24 0 25 0 26 0 27 0 28 0 29 0 30 0 31 0 32 0 33 0 34 0 35 0 36 0 37 0 38 0 39 0 40 0 41 0 42 0 43 0 44 0 45 0 46 0 47 0 48 0 49 0 50 0 51 0 52 0 53 0 54 0 55 0 56 0 57 0 58 0 59 0 60 0 61 0 62 0 63 0 64 0 65 0 66 0 67 0 68 0 69 0 70 0 71 0 72 0 73 0 74 0 75 0 76 0 77 0 78 0 79 0 80 0 81 0 82 0 83 0 84 0 85 0 86 0 87 0 88 0 89 0 90 0 91 0 92 0 93 0 94 0 95 0 96 0 97 0 98 0 99 0 100 0 
0 0 1 0 0 3 0 0 0 6 5 0 0 0 0 10 0 11 9 0 0 0 0 15 14 13 12 8 7 4 0 0 17 0 0 19 18 16 0 0 21 20 2 0 0 23 0 0 25 0 26 0 27 0 0 29 0 30 0 0 0 33 0 0 35 34 32 31 0 0 37 0 0 39 38 0 0 41 40 36 28 0 0 0 0 45 44 0 0 47 46 0 0 0 50 0 0 0 53 52 51 49 48 43 42 0 0 55 0 0 57 0 58 0 0 60 59 56 0 0 0 0 64 63 62 0 65 0 0 67 0 0 0 70 69 68 0 71 0 72 0 73 0 74 0 0 0 77 0 78 76 75 66 61 54 24 0 0 80 0 0 82 81 0 0 84 83 0 0 86 0 0 0 89 88 87 85 0 0 91 0 92 90 0 93 0 0 95 0 0 0 98 97 96 0 0 100 99 94 79 22 
PREORDER POSTORDER 201
22 2 1 0 0 20 16 4 3 0 0 7 5 0 6 0 0 8 0 12 9 0 11 10 0 0 0 13 0 14 0 15 0 0 18 17 0 0 19 0 0 21 0 0 79 24 23 0 0 54 42 28 27 26 25 0 0 0 0 36 31 30 29 0 0 0 32 0 34 33 0 0 35 0 0 40 38 37 0 0 39 0 0 41 0 0 43 0 48 46 44 0 45 0 0 47 0 0 49 0 51 50 0 0 52 0 53 0 0 61 56 55 0 0 59 58 57 0 0 0 60 0 0 66 65 62 0 63 0 64 0 0 0 75 74 73 72 71 68 67 0 0 69 0 70 0 0 0 0 0 0 76 0 78 77 0 0 0 94 93 90 85 83 81 80 0 0 82 0 0 84 0 0 87 86 0 0 88 0 89 0 0 92 91 0 0 0 0 99 96 95 0 0 97 0 98 0 0 100 0 0 
0 0 1 0 0 3 0 0 0 6 5 0 0 0 0 10 0 11 9 0 0 0 0 15 14 13 12 8 7 4 0 0 17 0 0 19 18 16 0 0 21 20 2 0 0 23 0 0 25 0 26 0 27 0 0 29 0 30 0 0 0 33 0 0 35 34 32 31 0 0 37 0 0 39 38 0 0 41 40 36 28 0 0 0 0 45 44 0 0 47 46 0 0 0 50 0 0 0 53 52 51 49 48 43 42 0 0 55 0 0 57 0 58 0 0 60 59 56 0 0 0 0 64 63 62 0 65 0 0 67 0 0 0 70 69 68 0 71 0 72 0 73 0 74 0 0 0 77 0 78 76 75 66 61 54 24 0 0 80 0 0 82 81 0 0 84 83 0 0 86 0 0 0 89 88 87 85 0 0 91 0 92 90 0 93 0 0 95 0 0 0 98 97 96 0 0 100 99 94 79 22 
PREORDER INORDER 201
17 15 13 9 3 1 0 2 0 0 7 4 0 5 0 6 0 0 8 0 0 10 0 12 11 0 0 0 14 0 0 16 0 0 23 22 20 19 18 0 0 0 21 0 0 0 98 72 37 36 34 30 29 24 0 25 0 26 0 28 27 0 0 0 0 32 31 0 0 33 0 0 35 0 0 0 70 69 48 41 40 38 0 39 0 0 0 44 42 0 43 0 0 47 45 0 46 0 0 0 60 59 52 50 49 0 0 51 0 0 57 53 0 54 0 55 0 56 0 0 58 0 0 0 67 66 62 61 0 0 65 63 0 64 0 0 0 0 68 0 0 0 71 0 0 85 81 76 75 73 0 74 0 0 0 80 78 77 0 0 79 0 0 0 82 0 84 83 0 0 0 88 86 0 87 0 0 90 89 0 0 92 91 0 0 95 93 0 94 0 0 96 0 97 0 0 100 99 0 0 0 
0 1 0 2 0 3 0 4 0 5 0 6 0 7 0 8 0 9 0 10 0 11 0 12 0 13 0 14 0 15 0 16 0 17 0 18 0 19 0 20 0 21 0 22 0 23 0 24 0 25 0 26 0 27 0 28 0 29 0 30 0 31 0 32 0 33 0 34 0 35 0 36 0 37 0 38 0 39 0 40 0 41 0 42 0 43 0 44 0 45 0 46 0 47 0 48 0 49 0 50 0 51 0 52 0 53 0 54 0 55 0 56 0 57 0 58 0 59 0 60 0 61 0 62 0 63 0 64 0 65 0 66 0 67 0 68 0 69 0 70 0 71 0 72 0 73 0 74 0 75 0 76 0 77 0 78 0 79 0 80 0 81 0 82 0 83 0 84 0 85 0 86 0 87 0 88 0 89 0 90 0 91 0 92 0 93 0 94 0 95 0 96 0 97 0 98 0 99 0 100 0 
INORDER POSTORDER 201
0 1 0 2 0 3 0 4 0 5 0 6 0 7 0 8 0 9 0 10 0 11 0 12 0 13 0 14 0 15 0 16 0 17 0 18 0 19 0 20 0 21 0 22 0 23 0 24 0 25 0 26 0 27 0 28 0 29 0 30 0 31 0 32 0 33 0 34 0 35 0 36 0 37 0 38 0 39 0 40 0 41 0 42 0 43 0 44 0 45 0 46 0 47 0 48 0 49 0 50 0 51 0 52 0 53 0 54 0 55 0 56 0 57 0 58 0 59 0 60 0 61 0 62 0 63 0 64 0 65 0 66 0 67 0 68 0 69 0 70 0 71 0 72 0 73 0 74 0 75 0 76 0 77 0 78 0 79 0 80 0 81 0 82 0 83 0 84 0 85 0 86 0 87 0 88 0 89 0 90 0 91 0 92 0 93 0 94 0 95 0 96 0 97 0 98 0 99 0 100 0 
0 0 0 2 1 0 0 0 0 6 5 4 0 0 8 7 3 0 0 0 11 0 12 10 9 0 0 14 13 0 0 16 15 0 0 18 0 19 0 0 21 20 0 22 0 0 0 0 0 27 0 28 26 25 24 0 29 0 0 31 0 0 33 32 30 0 0 35 34 0 36 0 0 0 39 38 0 40 0 0 0 43 42 0 0 0 46 45 0 47 44 41 0 0 49 0 0 51 50 0 0 0 0 0 56 55 54 53 0 0 58 57 52 0 59 0 0 61 0 0 0 64 63 0 65 62 0 66 0 0 68 67 60 48 0 69 0 0 71 70 37 0 0 0 74 73 0 75 0 0 77 0 0 79 78 0 80 76 0 0 0 83 0 84 82 81 0 0 0 87 86 0 0 89 0 0 91 0 0 0 94 93 0 0 0 97 96 95 92 90 88 85 72 0 0 99 0 100 98 23 17 
PREORDER POSTORDER 201
17 15 13 9 3 1 0 2 0 0 7 4 0 5 0 6 0 0 8 0 0 10 0 12 11 0 0 0 14 0 0 16 0 0 23 22 20 19 18 0 0 0 21 0 0 0 98 72 37 36 34 30 29 24 0 25 0 26 0 28 27 0 0 0 0 32 31 0 0 33 0 0 35 0 0 0 70 69 48 41 40 38 0 39 0 0 0 44 42 0 43 0 0 47 45 0 46 0 0 0 60 59 52 50 49 0 0 51 0 0 57 53 0 54 0 55 0 56 0 0 58 0 0 0 67 66 62 61 0 0 65 63 0 64 0 0 0 0 68 0 0 0 71 0 0 85 81 76 75 73 0 74 0 0 0 80 78 77 0 0 79 0 0 0 82 0 84 83 0 0 0 88 86 0 87 0 0 90 89 0 0 92 91 0 0 95 93 0 94 0 0 96 0 97 0 0 100 99 0 0 0 
0 0 0 2 1 0 0 0 0 6 5 4 0 0 8 7 3 0 0 0 11 0 12 10 9 0 0 14 13 0 0 16 15 0 0 18 0 19 0 0 21 20 0 22 0 0 0 0 0 27 0 28 26 25 24 0 29 0 0 31 0 0 33 32 30 0 0 35 34 0 36 0 0 0 39 38 0 40 0 0 0 43 42 0 0 0 46 45 0 47 44 41 0 0 49 0 0 51 50 0 0 0 0 0 56 55 54 53 0 0 58 57 52 0 59 0 0 61 0 0 0 64 63 0 65 62 0 66 0 0 68 67 60 48 0 69 0 0 71 70 37 0 0 0 74 73 0 75 0 0 77 0 0 79 78 0 80 76 0 0 0 83 0 84 82 81 0 0 0 87 86 0 0 89 0 0 91 0 0 0 94 93 0 0 0 97 96 95 92 90 88 85 72 0 0 99 0 100 98 23 17 
PREORDER INORDER 201
29 1 0 28 25 7 6 3 2 0 0 4 0 5 0 0 0 10 9 8 0 0 0 24 19 14 13 12 11 0 0 0 0 16 15 0 0 17 0 18 0 0 22 21 20 0 0 0 23 0 0 0 26 0 27 0 0 0 70 55 39 34 33 32 30 0 31 0 0 0 0 35 0 37 36 0 0 38 0 0 51 43 40 0 42 41 0 0 0 44 0 48 46 45 0 0 47 0 0 50 49 0 0 0 53 52 0 0 54 0 0 68 64 58 56 0 57 0 0 59 0 61 60 0 0 62 0 63 0 0 67 65 0 66 0 0 0 69 0 0 94 80 76 73 71 0 72 0 0 75 74 0 0 0 79 77 0 78 0 0 0 93 82 81 0 0 83 0 86 85 84 0 0 0 91 88 87 0 0 90 89 0 0 0 92 0 0 0 97 96 95 0 0 0 98 0 100 99 0 0 0 
0 1 0 2 0 3 0 4 0 5 0 6 0 7 0 8 0 9 0 10 0 11 0 12 0 13 0 14 0 15 0 16 0 17 0 18 0 19 0 20 0 21 0 22 0 23 0 24 0 25 0 26 0 27 0 28 0 29 0 30 0 31 0 32 0 33 0 34 0 35 0 36 0 37 0 38 0 39 0 40 0 41 0 42 0 43 0 44 0 45 0 46 0 47 0 48 0 49 0 50 0 51 0 52 0 53 0 54 0 55 0 56 0 57 0 58 0 59 0 60 0 61 0 62 0 63 0 64 0 65 0 66 0 67 0 68 0 69 0 70 0 71 0 72 0 73 0 74 0 75 0 76 0 77 0 78 0 79 0 80 0 81 0 82 0 83 0 84 0 85 0 86 0 87 0 88 0 89 0 90 0 91 0 92 0 93 0 94 0 95 0 96 0 97 0 98 0 99 0 100 0 
INORDER POSTORDER 201
0 1 0 2 0 3 0 4 0 5 0 6 0 7 0 8 0 9 0 10 0 11 0 12 0 13 0 14 0 15 0 16 0 17 0 18 0 19 0 20 0 21 0 22 0 23 0 24 0 25 0 26 0 27 0 28 0 29 0 30 0 31 0 32 0 33 0 34 0 35 0 36 0 37 0 38 0 39 0 40 0 41 0 42 0 43 0 44 0 45 0 46 0 47 0 48 0 49 0 50 0 51 0 52 0 53 0 54 0 55 0 56 0 57 0 58 0 59 0 60 0 61 0 62 0 63 0 64 0 65 0 66 0 67 0 68 0 69 0 70 0 71 0 72 0 73 0 74 0 75 0 76 0 77 0 78 0 79 0 80 0 81 0 82 0 83 0 84 0 85 0 86 0 87 0 88 0 89 0 90 0 91 0 92 0 93 0 94 0 95 0 96 0 97 0 98 0 99 0 100 0 
0 0 0 2 0 0 0 5 4 3 0 6 0 0 8 0 9 0 0 11 0 12 0 13 0 0 15 0 0 0 18 17 16 14 0 0 20 0 21 0 0 23 22 19 0 24 10 7 0 0 0 27 26 25 0 28 1 0 0 0 31 30 0 32 0 33 0 0 0 36 0 0 38 37 35 34 0 0 0 41 0 42 40 0 0 0 45 0 0 47 46 0 0 49 0 50 48 44 43 0 0 52 0 0 54 53 51 39 0 0 0 57 56 0 0 0 60 0 0 0 63 62 61 59 58 0 0 0 66 65 0 67 64 0 0 69 68 55 0 0 0 72 71 0 0 74 0 75 73 0 0 0 78 77 0 79 76 0 0 81 0 0 0 84 0 85 0 0 87 0 0 89 0 90 88 0 0 92 91 86 83 82 0 93 80 0 0 95 0 96 0 0 0 99 0 100 98 97 94 70 29 
PREORDER POSTORDER 201
29 1 0 28 25 7 6 3 2 0 0 4 0 5 0 0 0 10 9 8 0 0 0 24 19 14 13 12 11 0 0 0 0 16 15 0 0 17 0 18 0 0 22 21 20 0 0 0 23 0 0 0 26 0 27 0 0 0 70 55 39 34 33 32 30 0 31 0 0 0 0 35 0 37 36 0 0 38 0 0 51 43 40 0 42 41 0 0 0 44 0 48 46 45 0 0 47 0 0 50 49 0 0 0 53 52 0 0 54 0 0 68 64 58 56 0 57 0 0 59 0 61 60 0 0 62 0 63 0 0 67 65 0 66 0 0 0 69 0 0 94 80 76 73 71 0 72 0 0 75 74 0 0 0 79 77 0 78 0 0 0 93 82 81 0 0 83 0 86 85 84 0 0 0 91 88 87 0 0 90 89 0 0 0 92 0 0 0 97 96 95 0 0 0 98 0 100 99 0 0 0 
0 0 0 2 0 0 0 5 4 3 0 6 0 0 8 0 9 0 0 11 0 12 0 13 0 0 15 0 0 0 18 17 16 14 0 0 20 0 21 0 0 23 22 19 0 24 10 7 0 0 0 27 26 25 0 28 1 0 0 0 31 30 0 32 0 33 0 0 0 36 0 0 38 37 35 34 0 0 0 41 0 42 40 0 0 0 45 0 0 47 46 0 0 49 0 50 48 44 43 0 0 52 0 0 54 53 51 39 0 0 0 57 56 0 0 0 60 0 0 0 63 62 61 59 58 0 0 0 66 65 0 67 64 0 0 69 68 55 0 0 0 72 71 0 0 74 0 75 73 0 0 0 78 77 0 79 76 0 0 81 0 0 0 84 0 85 0 0 87 0 0 89 0 90 88 0 0 92 91 86 83 82 0 93 80 0 0 95 0 96 0 0 0 99 0 100 98 97 94 70 29 
PREORDER INORDER 201
47 11 3 2 1 0 0 0 10 6 4 0 5 0 0 8 7 0 0 9 0 0 0 26 12 0 21 19 16 13 0 14 0 15 0 0 17 0 18 0 0 20 0 0 25 23 22 0 0 24 0 0 0 39 36 30 28 27 0 0 29 0 0 32 31 0 0 33 0 34 0 35 0 0 38 37 0 0 0 40 0 42 41 0 0 43 0 46 44 0 45 0 0 0 83 75 67 64 56 50 49 48 0 0 0 54 52 51 0 0 53 0 0 55 0 0 63 58 57 0 0 62 60 59 0 0 61 0 0 0 0 66 65 0 0 0 69 68 0 0 71 70 0 0 72 0 74 73 0 0 0 79 78 77 76 0 0 0 0 80 0 81 0 82 0 0 84 0 92 87 86 85 0 0 0 91 88 0 90 89 0 0 0 0 93 0 97 95 94 0 0 96 0 0 99 98 0 0 100 0 0 
0 1 0 2 0 3 0 4 0 5 0 6 0 7 0 8 0 9 0 10 0 11 0 12 0 13 0 14 0 15 0 16 0 17 0 18 0 19 0 20 0 21 0 22 0 23 0 24 0 25 0 26 0 27 0 28 0 29 0 30 0 31 0 32 0 33 0 34 0 35 0 36 0 37 0 38 0 39 0 40 0 41 0 42 0 43 0 44 0 45 0 46 0 47 0 48 0 49 0 50 0 51 0 52 0 53 0 54 0 55 0 56 0 57 0 58 0 59 0 60 0 61 0 62 0 63 0 64 0 65 0 66 0 67 0 68 0 69 0 70 0 71 0 72 0 73 0 74 0 75 0 76 0 77 0 78 0 79 0 80 0 81 0 82 0 83 0 84 0 85 0 86 0 87 0 88 0 89 0 90 0 91 0 92 0 93 0 94 0 95 0 96 0 97 0 98 0 99 0 100 0 
INORDER POSTORDER 201
0 1 0 2 0 3 0 4 0 5 0 6 0 7 0 8 0 9 0 10 0 11 0 12 0 13 0 14 0 15 0 16 0 17 0 18 0 19 0 20 0 21 0 22 0 23 0 24 0 25 0 26 0 27 0 28 0 29 0 30 0 31 0 32 0 33 0 34 0 35 0 36 0 37 0 38 0 39 0 40 0 41 0 42 0 43 0 44 0 45 0 46 0 47 0 48 0 49 0 50 0 51 0 52 0 53 0 54 0 55 0 56 0 57 0 58 0 59 0 60 0 61 0 62 0 63 0 64 0 65 0 66 0 67 0 68 0 69 0 70 0 71 0 72 0 73 0 74 0 75 0 76 0 77 0 78 0 79 0 80 0 81 0 82 0 83 0 84 0 85 0 86 0 87 0 88 0 89 0 90 0 91 0 92 0 93 0 94 0 95 0 96 0 97 0 98 0 99 0 100 0 
0 0 1 0 2 0 0 0 5 4 0 0 7 0 0 9 8 6 0 10 3 0 0 0 0 0 15 14 13 0 0 0 18 17 16 0 0 20 19 0 0 22 0 0 24 23 0 25 21 12 0 0 27 0 0 29 28 0 0 31 0 0 0 0 35 34 33 32 30 0 0 37 0 38 36 0 0 0 41 0 0 0 0 45 44 0 46 43 42 40 39 26 11 0 0 48 0 49 0 0 51 0 0 53 52 0 0 55 54 50 0 0 57 0 0 59 0 0 61 60 0 62 58 0 63 56 0 0 65 0 66 64 0 0 68 0 0 70 0 0 0 73 0 74 72 71 69 67 0 0 76 0 77 0 78 0 0 0 0 82 81 80 79 75 0 0 0 85 0 86 0 0 0 89 0 90 88 0 91 87 0 0 0 94 0 0 96 95 0 0 98 0 0 100 99 97 93 92 84 83 47 
PREORDER POSTORDER 201
47 11 3 2 1 0 0 0 10 6 4 0 5 0 0 8 7 0 0 9 0 0 0 26 12 0 21 19 16 13 0 14 0 15 0 0 17 0 18 0 0 20 0 0 25 23 22 0 0 24 0 0 0 39 36 30 28 27 0 0 29 0 0 32 31 0 0 33 0 34 0 35 0 0 38 37 0 0 0 40 0 42 41 0 0 43 0 46 44 0 45 0 0 0 83 75 67 64 56 50 49 48 0 0 0 54 52 51 0 0 53 0 0 55 0 0 63 58 57 0 0 62 60 59 0 0 61 0 0 0 0 66 65 0 0 0 69 68 0 0 71 70 0 0 72 0 74 73 0 0 0 79 78 77 76 0 0 0 0 80 0 81 0 82 0 0 84 0 92 87 86 85 0 0 0 91 88 0 90 89 0 0 0 0 93 0 97 95 94 0 0 96 0 0 99 98 0 0 100 0 0 
0 0 1 0 2 0 0 0 5 4 0 0 7 0 0 9 8 6 0 10 3 0 0 0 0 0 15 14 13 0 0 0 18 17 16 0 0 20 19 0 0 22 0 0 24 23 0 25 21 12 0 0 27 0 0 29 28 0 0 31 0 0 0 0 35 34 33 32 30 0 0 37 0 38 36 0 0 0 41 0 0 0 0 45 44 0 46 43 42 40 39 26 11 0 0 48 0 49 0 0 51 0 0 53 52 0 0 55 54 50 0 0 57 0 0 59 0 0 61 60 0 62 58 0 63 56 0 0 65 0 66 64 0 0 68 0 0 70 0 0 0 73 0 74 72 71 69 67 0 0 76 0 77 0 78 0 0 0 0 82 81 80 79 75 0 0 0 85 0 86 0 0 0 89 0 90 88 0 91 87 0 0 0 94 0 0 96 95 0 0 98 0 0 100 99 97 93 92 84 83 47 
PREORDER INORDER 201
34 28 4 1 0 3 2 0 0 0 22 21 14 9 8 7 5 0 6 0 0 0 0 13 10 0 11 0 12 0 0 0 16 15 0 0 17 0 18 0 20 19 0 0 0 0 27 23 0 24 0 26 25 0 0 0 0 30 29 0 0 31 0 32 0 33 0 0 66 46 35 0 40 39 37 36 0 0 38 0 0 0 41 0 42 0 44 43 0 0 45 0 0 58 48 47 0 0 50 49 0 0 56 51 0 54 52 0 53 0 0 55 0 0 57 0 0 59 0 61 60 0 0 64 63 62 0 0 0 65 0 0 85 67 0 84 74 70 69 68 0 0 0 72 71 0 0 73 0 0 76 75 0 0 83 82 77 0 80 78 0 79 0 0 81 0 0 0 0 0 86 0 89 88 87 0 0 0 99 90 0 94 93 91 0 92 0 0 0 95 0 97 96 0 0 98 0 0 100 0 0 
0 1 0 2 0 3 0 4 0 5 0 6 0 7 0 8 0 9 0 10 0 11 0 12 0 13 0 14 0 15 0 16 0 17 0 18 0 19 0 20 0 21 0 22 0 23 0 24 0 25 0 26 0 27 0 28 0 29 0 30 0 31 0 32 0 33 0 34 0 35 0 36 0 37 0 38 0 39 0 40 0 41 0 42 0 43 0 44 0 45 0 46 0 47 0 48 0 49 0 50 0 51 0 52 0 53 0 54 0 55 0 56 0 57 0 58 0 59 0 60 0 61 0 62 0 63 0 64 0 65 0 66 0 67 0 68 0 69 0 70 0 71 0 72 0 73 0 74 0 75 0 76 0 77 0 78 0 79 0 80 0 81 0 82 0 83 0 84 0 85 0 86 0 87 0 88 0 89 0 90 0 91 0 92 0 93 0 94 0 95 0 96 0 97 0 98 0 99 0 100 0 
INORDER POSTORDER 201
0 1 0 2 0 3 0 4 0 5 0 6 0 7 0 8 0 9 0 10 0 11 0 12 0 13 0 14 0 15 0 16 0 17 0 18 0 19 0 20 0 21 0 22 0 23 0 24 0 25 0 26 0 27 0 28 0 29 0 30 0 31 0 32 0 33 0 34 0 35 0 36 0 37 0 38 0 39 0 40 0 41 0 42 0 43 0 44 0 45 0 46 0 47 0 48 0 49 0 50 0 51 0 52 0 53 0 54 0 55 0 56 0 57 0 58 0 59 0 60 0 61 0 62 0 63 0 64 0 65 0 66 0 67 0 68 0 69 0 70 0 71 0 72 0 73 0 74 0 75 0 76 0 77 0 78 0 79 0 80 0 81 0 82 0 83 0 84 0 85 0 86 0 87 0 88 0 89 0 90 0 91 0 92 0 93 0 94 0 95 0 96 0 97 0 98 0 99 0 100 0 
0 0 0 2 0 3 1 0 0 0 6 5 0 7 0 8 0 0 0 0 12 11 10 0 13 9 0 0 15 0 0 0 0 19 0 20 18 17 16 14 0 21 0 0 0 0 25 0 26 24 23 0 27 22 4 0 0 29 0 0 0 0 33 32 31 30 28 0 0 0 36 0 0 38 37 0 39 0 0 0 0 43 0 0 45 44 42 41 40 35 0 0 47 0 0 49 0 0 0 0 53 52 0 0 55 54 51 0 0 57 56 50 48 0 0 0 60 0 0 62 0 63 0 0 65 64 61 59 58 46 0 0 0 68 0 69 0 0 71 0 0 73 72 70 0 0 75 0 0 0 0 79 78 0 0 81 80 77 0 82 0 83 76 74 0 84 67 0 0 0 87 0 88 0 0 0 0 92 91 0 93 0 0 0 96 0 0 98 97 95 94 90 0 0 100 99 89 86 85 66 34 
PREORDER POSTORDER 201
34 28 4 1 0 3 2 0 0 0 22 21 14 9 8 7 5 0 6 0 0 0 0 13 10 0 11 0 12 0 0 0 16 15 0 0 17 0 18 0 20 19 0 0 0 0 27 23 0 24 0 26 25 0 0 0 0 30 29 0 0 31 0 32 0 33 0 0 66 46 35 0 40 39 37 36 0 0 38 0 0 0 41 0 42 0 44 43 0 0 45 0 0 58 48 47 0 0 50 49 0 0 56 51 0 54 52 0 53 0 0 55 0 0 57 0 0 59 0 61 60 0 0 64 63 62 0 0 0 65 0 0 85 67 0 84 74 70 69 68 0 0 0 72 71 0 0 73 0 0 76 75 0 0 83 82 77 0 80 78 0 79 0 0 81 0 0 0 0 0 86 0 89 88 87 0 0 0 99 90 0 94 93 91 0 92 0 0 0 95 0 97 96 0 0 98 0 0 100 0 0 
0 0 0 2 0 3 1 0 0 0 6 5 0 7 0 8 0 0 0 0 12 11 10 0 13 9 0 0 15 0 0 0 0 19 0 20 18 17 16 14 0 21 0 0 0 0 25 0 26 24 23 0 27 22 4 0 0 29 0 0 0 0 33 32 31 30 28 0 0 0 36 0 0 38 37 0 39 0 0 0 0 43 0 0 45 44 42 41 40 35 0 0 47 0 0 49 0 0 0 0 53 52 0 0 55 54 51 0 0 57 56 50 48 0 0 0 60 0 0 62 0 63 0 0 65 64 61 59 58 46 0 0 0 68 0 69 0 0 71 0 0 73 72 70 0 0 75 0 0 0 0 79 78 0 0 81 80 77 0 82 0 83 76 74 0 84 67 0 0 0 87 0 88 0 0 0 0 92 91 0 93 0 0 0 96 0 0 98 97 95 94 90 0 0 100 99 89 86 85 66 34 
